
Cabernet_Franc, [3.071 2.786 6.5  ]
Cabernet_Sauvignon, [3.5   4.643 7.714]
Chardonnay, [6.    2.278 5.556]
Chenin_Blanc, [3.786 3.071 6.643]
Gewurztraminer, [3.462 4.231 5.462]
Lemberger, [2.357 2.929 7.5  ]
Malbec, [3.214 2.286 6.5  ]
Merlot, [5.333 4.111 5.611]
Muscat_Blanc, [3.308 4.846 9.538]
Pinot_Gris, [3.333 2.067 6.533]
Pinot_Noir, [2.571 1.643 6.429]

Riesling, [3.643 2.    7.071]
Sauvignon_Blanc, [2.833 4.5   1.167]
Semillon, [3.786 2.286 6.286]
Zinfandel, [2.8 3.1 5. ]
Chardonnay, [6.    2.278 5.556]
Chardonnay, [6.    2.278 5.556]


Cabernet_Franc, [3.071 2.786 6.5  ], [2.631 2.242 4.305]
Cabernet_Sauvignon, [3.5   4.643 7.714], [3.581 2.409 6.111]
Chardonnay, [6.    2.278 5.556], [4.082 3.445 5.459]
Chenin_Blanc, [3.786 3.071 6.643], [3.342 2.251 5.459]
Gewurztraminer, [3.462 4.231 5.462], [4.396 3.467 3.225]
Lemberger, [2.357 2.929 7.5  ], [2.057 2.492 5.096]
Malbec, [3.214 2.286 6.5  ], [1.82  1.623 5.165]
Merlot, [5.333 4.111 5.611], [4.216 2.904 4.934]
Muscat_Blanc, [3.308 4.846 9.539], [2.523 3.278 7.531]
Pinot_Gris, [3.333 2.067 6.533], [2.844 1.806 5.084]
Pinot_Noir, [2.571 1.643 6.429], [2.611 1.757 5.852]
Riesling, [3.643 2.    7.071], [2.893 1.89  4.743]
Sauvignon_Blanc, [2.833 4.5   1.167], [1.863 3.862 1.067]
Semillon, [3.786 2.286 6.286], [2.883 1.485 6.273]
Zinfandel, [2.8 3.1 5. ], [2.441 2.3   3.317]


Cabernet_Franc, [4.044 3.576 7.796], [4.044 3.576 7.796]
Cabernet_Sauvignon, [5.007 5.23  9.842], [5.007 5.23  9.842]
Chardonnay, [7.257 4.13  7.789], [7.257 4.13  7.789]
Chenin_Blanc, [5.05  3.808 8.598], [5.05  3.808 8.598]
Gewurztraminer, [5.595 5.47  6.343], [5.595 5.47  6.343]
Lemberger, [3.128 3.845 9.067], [3.128 3.845 9.067]
Malbec, [3.694 2.803 8.302], [3.694 2.803 8.302]
Merlot, [6.799 5.033 7.472], [6.799 5.033 7.472]
Muscat_Blanc, [ 4.16   5.851 12.153], [ 4.16   5.851 12.153]
Pinot_Gris, [4.382 2.745 8.278], [4.382 2.745 8.278]
Pinot_Noir, [3.664 2.405 8.693], [3.664 2.405 8.693]
Riesling, [4.652 2.752 8.515], [4.652 2.752 8.515]
Sauvignon_Blanc, [3.391 5.93  1.581], [3.391 5.93  1.581]
Semillon, [4.758 2.725 8.88 ], [4.758 2.725 8.88 ]
Zinfandel, [3.715 3.86  6.   ], [3.715 3.86  6.   ]
Aligote, [3.342 3.291 3.979], [3.342 3.291 3.979]
Aligote, [3.342 3.291 3.979], [3.342 3.291 3.979]
Alvarinho, [3.44  3.629 2.799], [3.44  3.629 2.799]
Aligote, [3.342 3.291 3.979], [3.342 3.291 3.979]
Alvarinho, [3.44  3.629 2.799], [3.44  3.629 2.799]
Auxerrois, [2.273 6.055 0.577], [2.273 6.055 0.577]
Aligote, [3.342 3.291 3.979], [3.342 3.291 3.979]
Alvarinho, [3.44  3.629 2.799], [3.44  3.629 2.799]
Auxerrois, [2.273 6.055 0.577], [2.273 6.055 0.577]
Barbera, [2.415 4.359 6.455], [2.415 4.359 6.455]
Aligote, [3.342 3.291 3.979], [3.342 3.291 3.979]
Alvarinho, [3.44  3.629 2.799], [3.44  3.629 2.799]
Auxerrois, [2.273 6.055 0.577], [2.273 6.055 0.577]
Barbera, [2.415 4.359 6.455], [2.415 4.359 6.455]
Aligote, [3.342 3.291 3.979], [3.342 3.291 3.979]
Alvarinho, [3.44  3.629 2.799], [3.44  3.629 2.799]
Auxerrois, [2.273 6.055 0.577], [2.273 6.055 0.577]
Barbera, [2.415 4.359 6.455], [2.415 4.359 6.455]
Cabernet_Franc, [4.044 3.576 7.796], [4.044 3.576 7.796]
Cabernet_Sauvignon, [5.007 5.23  9.842], [5.007 5.23  9.842]
Chardonnay, [7.257 4.13  7.789], [7.257 4.13  7.789]
Chenin_Blanc, [5.05  3.808 8.598], [5.05  3.808 8.598]
Concord, [5.933 2.503 6.088], [5.933 2.503 6.088]
Dolcetto, [nan nan nan], [nan nan nan]
Durif, [3.742 2.646 4.796], [3.742 2.646 4.796]
Gewurztraminer, [5.595 5.47  6.343], [5.595 5.47  6.343]
Green_Veltliner, [1.613 3.464 3.131], [1.613 3.464 3.131]
Grenache, [ 4.961  4.341 10.462], [ 4.961  4.341 10.462]
Lemberger, [3.128 3.845 9.067], [3.128 3.845 9.067]
Malbec, [3.694 2.803 8.302], [3.694 2.803 8.302]
Melon, [3.629 4.472 4.082], [3.629 4.472 4.082]
Merlot, [6.799 5.033 7.472], [6.799 5.033 7.472]
Muscat_Blanc, [ 4.16   5.851 12.153], [ 4.16   5.851 12.153]
Nebbiolo, [3.719 6.506 4.163], [3.719 6.506 4.163]
Petit_Verdot, [2.708 3.979 1.633], [2.708 3.979 1.633]
Pinot_Blanc, [1.732 5.686 3.162], [1.732 5.686 3.162]
Pinot_Gris, [4.382 2.745 8.278], [4.382 2.745 8.278]
Pinot_Noir, [3.664 2.405 8.693], [3.664 2.405 8.693]
Riesling, [4.652 2.752 8.515], [4.652 2.752 8.515]
Sangiovese, [4.494 3.098 2.966], [4.494 3.098 2.966]
Sauvignon_Blanc, [3.391 5.93  1.581], [3.391 5.93  1.581]
Semillon, [4.758 2.725 8.88 ], [4.758 2.725 8.88 ]
Tempranillo, [2.517 5.598 3.24 ], [2.517 5.598 3.24 ]
Viognier, [3.464 4.183 4.743], [3.464 4.183 4.743]
Zinfandel, [3.715 3.86  6.   ], [3.715 3.86  6.   ]
